#FIG 3.2
Landscape
Center
Inches
Letter  
100.00
Single
-2
1200 2
2 4 0 1 0 7 100 0 -1 0.000 0 0 7 0 0 5
	 2100 1875 2100 975 375 975 375 1875 2100 1875
2 4 0 1 0 7 100 0 -1 0.000 0 0 7 0 0 5
	 2100 3000 2100 2100 375 2100 375 3000 2100 3000
2 4 0 1 0 7 100 0 -1 0.000 0 0 7 0 0 5
	 6450 3600 6450 75 3375 75 3375 3600 6450 3600
2 4 0 1 0 7 100 0 -1 0.000 0 0 7 0 0 5
	 2025 1725 2025 1425 1350 1425 1350 1725 2025 1725
2 4 0 1 0 7 100 0 -1 0.000 0 0 7 0 0 5
	 2025 2850 2025 2550 1350 2550 1350 2850 2025 2850
2 4 0 1 0 7 100 0 -1 0.000 0 0 7 0 0 5
	 5850 1950 5850 1650 5175 1650 5175 1950 5850 1950
2 4 0 1 0 7 100 0 -1 0.000 0 0 7 0 0 5
	 5850 2475 5850 2175 5175 2175 5175 2475 5850 2475
2 4 0 1 0 7 100 0 -1 0.000 0 0 7 0 0 5
	 5850 3075 5850 2775 5175 2775 5175 3075 5850 3075
2 4 0 1 0 7 100 0 -1 0.000 0 0 7 0 0 5
	 4425 2025 4425 225 3450 225 3450 2025 4425 2025
2 1 0 1 0 7 100 0 -1 0.000 0 0 -1 1 1 3
	1 1 1.00 60.00 120.00
	1 1 1.00 60.00 120.00
	 2025 1500 3450 1500 3450 1500
2 1 0 1 0 7 100 0 -1 0.000 0 0 -1 1 1 2
	1 1 1.00 60.00 120.00
	1 1 1.00 60.00 120.00
	 2025 2700 3450 1950
2 1 0 1 0 7 100 0 -1 0.000 0 0 -1 1 0 2
	1 1 1.00 60.00 120.00
	 3600 1500 5175 2325
2 1 0 1 0 7 100 0 -1 0.000 0 0 -1 1 0 2
	1 1 1.00 60.00 120.00
	 3525 1950 5175 2925
2 1 1 1 0 7 100 0 -1 4.000 0 0 -1 1 0 2
	1 1 1.00 60.00 120.00
	 2100 300 3450 825
2 1 1 1 0 7 100 0 -1 4.000 0 0 -1 1 0 2
	1 1 1.00 60.00 120.00
	 3600 900 5175 1800
4 0 0 100 0 0 12 0.0000 4 135 525 1425 1650 Socket\001
4 0 0 100 0 0 12 0.0000 4 135 525 1425 2775 Socket\001
4 0 0 100 0 0 12 0.0000 4 135 525 5250 1875 Socket\001
4 0 0 100 0 0 12 0.0000 4 135 525 5250 2400 Socket\001
4 0 0 100 0 0 12 0.0000 4 135 525 5250 3000 Socket\001
4 0 0 100 0 0 12 0.0000 4 135 495 3675 450 Server\001
4 0 0 100 0 0 12 0.0000 4 135 525 3675 600 Socket\001
4 0 0 100 0 0 12 0.0000 4 180 1365 525 1200 Client Application\001
4 0 0 100 0 0 12 0.0000 4 180 1365 525 2325 Client Application\001
4 0 0 100 0 0 12 0.0000 4 180 1545 450 300 incoming connection\001
4 0 0 100 0 0 12 0.0000 4 180 1410 4800 300 Server Application\001
